[bao_parameters]
sigma_fog = 0.  1.  15.
sigma_par = 0.  8.0  15.
sigma_perp = 0.  4.0  15.
sigma_rec = 0.
bias = 0.8   1.4   2.2
alpha_par = 0.8  1.0  1.2
alpha_perp = 0.8  1.0  1.2
growth_factor = 0.3  0.87  1.30

[systematics_parameters]
a0_l0 = -200000  0.  200000.
a1_l0 = -200000  0.  200000.
a2_l0 = -200000  0.  200000.
a0_l2 = -200000  0.  200000.
a1_l2 = -200000  0.  200000.
a2_l2 = -200000  0.  200000.

[cosmological_parameters]
h0 = 0.6774
omch2 = 0.1188
ombh2 = 0.02230
omnuh2 = 0.00064
omega_k = 0.0

yhe = 0.24
tau = 0.066

n_s = 0.9667
A_s = 2.142e-9
k_s = 0.05
n_run = 0.0

w = -1.0
wa = 0.0

massless_nu = 2.046
massive_nu = 1

